0000000000000000000000000000000000000000010110010111010010010011
0000000000000000000000000000000000000000000000101011011000011000
0000000000000000000000000000000000000000010110010111100000111101
0000000000000000000001100101001011110010101101000000111111110000
0000000000011010111001110110111000010100000110110101100111000001
0000000000000000000000000011000100010000011101000011111111000101
0000000000000000000001100101001100010111111101001000000110100110
0000000000000000000000000000000101111100100101011001000101100111
0000000000000000000000000011000100001111001101011010101110110010
0000000000000000000000000000000000000000000000101011011000001010
0000000000011010111001110110111000010011111101001111011100111011
0000000000000000000000000000000000000000010110010111100010010110
0000000000000000110100001011000101000101100110111111100100111001
1100000001111010101100110101010100111100101000000101111001001011
0000000000000000110100001011000111011001110011010111000110000001
0000000000000000000000000000000000001011100010000110010111010101
0000000000000000000000000000000000001011100010001001110011001100
0000000000000000000001100101001100010111111101001000000110100000
0000000000000000110100001011011000010110001111001110000110010101
0000000000000000000000000011000100010000010111101011100011100000
0000000000000000000001100101001100010111111101001000000110011000
0000000000000000000001100101001100000000000000111000010011100011
0000000000000000000000000000000000000000010110010111011110001010
0000000000000000110100001011011010101111000011001111110010011110
0000000000000000000000000011000100001111000111001111000000011100
0000000000000000110100001011011010000111011000100001100001101101
0000000000000000110100001011000110110010110101001101010101110111
0000000000000000000000000000000000000000010110010111100111011100
0000000000000000000000000000000000001011100010000110000100110100
0000000000000000000000000000000000000000010110010111100010100000
0000000000000000110100001011000100110100110000001011110100011100
0000000000000000000000000000000000001011100010000110010111010101
0000000000000000000000000000000000000000010110010111100010111011
0000000000000000000000000000000000001011100010001010101011010101
0000001101110111110110000110011011011010001010001100000001011011
0000000000000000000000000000000000000000000000101011011000001010
0000000000000000110100001011000100011100101110000011000111001000
0000000000000000000000000000000000000000010110010111100000111010
0000001101110111110001001001010001010000011111110100110010010110
0000000000000000000000000000000000000000000000101011011000001010
0000000000000000000000000000000000001011100010000110011011001010
0000000000000000000000000000000000001011100010001010101000000010
0000000000000000000001100101001011110110011000101111111000110001
0000000000000000000000000011000100010000011010110101101101101010
0000000000000000000000000000000000001011100010001010101011010101
0000000000000000000000000011000100001111010010011100111010000111
0000000000000000000000000011000100010000010001010011000101101101
0000000000000000000000000000000000001011100010001001000001111100
0000000000000000000000000000000000001011100010001001110011001100
0000000000000000000001100101001100010111111100100011101011011101
0000000000000000000001100101001100000000011010000101100011110110
0000000000000000000000000000000000001011100010001010101000000010
0000000000000000000000000000000000000000010110010111100000111010
0000000000000000000000000011000100010000001010100000100011101100
0000000000000000000000000000000000001011100010000110010111010101
0000000000000000000000000000000000000000010110010111100000001110
0000000000011010111001111000110010010110111000011101011001010010
0000000000000000000000000000000000001011100010000000100001101010
0000000000000000000000000011000100010000001000001010000111010001
0000000000000000000000000000000000000000010110010111100000111100
0000000000000000000000000011000100001111011100111000001011011011
0000000000000000000000000011000100001111000111001011101011111000
0000000000000000000000000011000100001111000110000100110110100100
0000000000000000110100001011011000110100111101100110011011001010
0000000000000000000000000000000000000000000000101011011000000110
0000000000000000000000000000000000001011100010000110101001000100
0000000000000000000000000000000000001011100010000110010111010101
0000000000000000000000000000000000000000010110010111100010010010
0000000000011010111001110110101001000000001011100101011001000110
0000000000000000110100001011001000000000010111010111101010111100
0111001001110001010011011100111101000110101000110100001110001000
0000000000000000000000000000000000001011100010001001000001111100
0000000000000000000000000011000100001111111010100101100001001110
0000000000000000000000000000000000001011100010001001010110010000
0000000000000000000000000011000100001111000111001011101011111000
0000000000000000000000000000000000001011100010001001111000001101
0000001101110111110110000110011011011010001010001100000001011011
0000000000000000000000000000000000000000000000101011011000000110
0000000000000000000000000000000000001011100010000110101001000100
0000000000000000000000000000000000001011100010000110010111010101
0000000000000000000000000000000000000000010110010111100111001000
0000000000011010111001110100000101101011011111011010011101100010
0000000000000000000000000011000100001111001111010011101101011010
0000000000000000000000000000000000000000010110010111100100011110
0000000000000000000000000000000000000000000000101011011000001001
0000000000000000000000000000000000000000010110010111100111001000
0000000000011010111001101110100000001100111110110100010111010011
0000000000000000110100001011001011111001011101101011100011101110
0000000000000000000000000000000000000000000000101011011000001010
0000000000000000110100001011001110011110011110110001111101011010
0000000000000000000000000000000000000000010110010111100000111101
0000000000000000000000000000000000000000010110010111100000011100
0000000000000000000000000011000100010000001000110000111100001110
0000000000000000000000000000000000000000010110010111100010010010
0000000000000000000000000011000100010000011010110111010101100110
0000000000000000000000000000000101111100100111011110101010110000
0000000000000000000000000011000100010000011000010100101000001010
0000000000000000000000000000000000000000000000101011011000001110
0000000000000000000000000011000100001111110111001001101001010111
0000000000000000000000000000000000000000000000101011011000010100
0000000000000000000000000000000000000000010110010111100000111010
0000000000000000000000000000000000001011100010001001000010001010
0001100100000001100111101100011110010011000110110000111010110100
0000000000000000000000000000000000000000000000101011011000001010
0000000000000000000000000000000000000000010110010111100111001000
0000000000000000000000000011000100001111001101011100000111101100
0000000000000000000000000000000000000000010110010111100000111100
0000000000000000000000000000000101111100100101010101100100011000
0000000000000000000000000000000000000000000000101011011000001010
0000000000000000000001100101001011110001010110110010111000011001
0000000000000000000000000000000000000000000000101011011000001001
0000001101110111110000100000010010001111100000111011011100100001
0000000000000000000000000011000100001111010100100110100011001011
0000000000000000000000000000000000000000010110010111011110010010
1101100111000001100001111100010010110001101000101001000000111001
0000000000000000000000000000000000001011100010001010101011010101
0000000000000000000001100101001100010111111101000110001011010111
0000000000000000000000000000000000001011100010000110010111010101
0000000000000000000000000000000000000000010110010111100010111011
0000000000000000000000000011000100010000010001110100010001100100
0000000000000000000000000000000000001011100010000010111101110011
0000000000000000110100001011000111011010000111101010100001101100
0000000000000000000000000000000000001011100010001011011110010011
0111001001110010011010110010001011000100000010100010001111010100
0000000000000000110100001011000101000111110111101000111011000010
0000001101110111110100010000001011101001000000100111001001010000
0000000000000000000001100101001100011011100001100110000101110011
0000000000000000000001100101001011110110011000101111111000110001
0000000000000000000000000011000100010000010110000100110010000100
0000000000000000000000000000000000000000000000101011011000000110
0000000000000000000000000000000101111100100111111010101110110000
0000000000000000000000000000000000000000000000101011011000000110
0000000000000000000000000000000000001011100010001001110011001100
0000000000000000000000000000000000001011100010001001010110010000
0000000000000000000000000000000000000000010110010111100000011100
0000000000000000000000000000000000001011100010001000111101111100
0000000000000000000000000011000100001111010010011111000110100101
0000000000000000000000000000000000001011100010000110010111010101
0000000000000000000000000000000000000000000000101011011000000110
0000000000000000110100001011000110110010110101001101010101110111
0000000000000000000000000000000000000000010110010111100110000001
0000000000000000000000000000000000001011100010000111000110111010
1100000011001011010111110011010110101100010001111100010001101111
0000000000000000000000000000000000000000010110010111100110000001
0000000000000000000000000011000100010000001010001000111100001011
0000000000000000000000000000000000001011100010000111000110111110
0000000000000000000001100101001100010101001100101100010010000110
0000000000000000000000000000000000000000010110010111100000111101
0000000000000000000000000011000100001111001101011000111000011010
0000000000000000000001100101001100010111111100100011100011001101
0000000000000000000000000011000100010000001010001000111100011001
0000000000000000000000000000000101111100100101010011111110101001
0000000000000000000000000011000100010000001010001000111100011001
0000000000000000000001100101001100010111111100100011100011001101
0000000000000000000000000000000000000000010110010111100011011000
0000000000000000000000000000000000000000010110010111100000011100
0000000000000000000001100101001100100011001100101011001101000111
0000000000000000000000000011000100010000010110010100100001100110
0000000000011010111001101101100010111011001110101101011001000100
0000000000000000000000000000000000000000000000101011011000010100
0000000000000000000001100101001011111101011110100000010001011011
0000000000000000110100001011011101110010101011111011111111101110
0000000000000000000000000000000000000000000000101011011000010100
0000000000000000000000000000000000000000010110010111100011100010
0000000000000000000000000000000000001011100010001001010110010000
0000000000000000000000000011000100010000001000001110000110111101
0000000000000000000000000000000000001011100010000111001111011110
0000000000000000000000000000000000000000000000101011011000001110
0000000000000000000000000000000101111100100110101010000011101001
0000000000000000000001100101001100011001011101111110101111100111
0000000000000000000000000000000000001011100010001001010110010000
0000000000011010111001101110110001000000000101100010100011100000
0000000000000000000000000000000000000000000000101011011000001110
0000000000000000000000000000000101111100100110101010000011101001
0000000000000000000001100101001011111000110011111011001100011001
0000000000000000000000000000000000000000000000101011011000001010
0000001101110111110110001111011111100110111000010011111010100001
0000000000000000110100001011000100011111001001001110101001010010
0000000000000000110100001010110011101011101110001001000010110000
0000000000000000000000000000000000001011100010001011011110010011
0000000000000000000000000000000000000000010110010111100010110011
0000000000000000000000000000000000000000000000101011011000000110
0000000000000000000000000000000000000000010110010111100010110111
0000000000000000000000000000000101111100100101010100000001101011
0000000000000000000000000000000000000000010110010111100010111011
0000000000000000000000000011000100001111011101010000001000001010
0000000000000000000000000000000000000000010110010111011110010010
0000001101110111110000100000111011100100000110001001110111111011
0000000000000000000000000000000000000000010110010111100010010010
0000000000000000000000000000000101111100100101001000011111110100
0000000000000000000000000000000000000000010110010111011110010010
0000000000000000000000000000000101111100100111100001100101111111
0000000000000000000000000011000100010000001111011010010101010010
0000000000000000000000000000000000000000000000101011011000000110
0000000000000000110100001011000110110010110100010101000000100011
0000000000000000000000000000000101111100100101110111000000001110
0000000000000000000000000011000100001111111100100010011111110000
0000000000000000000000000000000000000000010110010111011110010010
0000000000000000000000000000000000000000010110010111100100011110
0000000000000000000000000000000101111100100110110001110100110000
0111001001110011001110100101011101010111100101000011000000100100
0000000000000000000001100101001100010010111101011100011001000000
0000000000000000000000000000000000000000000000101011011000000110
1100000010101110110101010001001011011101000011011000110011101100
0000000000000000000000000000000000000000000000101011011000010100
0000000000000000000000000000000000000000010110010111011100110010
0000000000000000000001100101001100001011011101011100100011101001
0000000000000000000000000000000000000000000000101011011000000110
0000000000000000110100001011011010000111001011110101010001110010
0000000000000000000000000000000000000000010110010111100101111101
0000000000000000000000000000000000001011100010001010101011010101
0000000000000000000000000000000000000000000000101011011000001001
0000000000000000000000000011000100010000100000011101111110101101
0000000000000000000000000000000101111100100110110001110111111001
0000000000000000000001100101001011110010000000101110000001100000
0000000000000000000001100101001100011011011000000001000001111011
0000000000011010111001110000101011111101110001111010100100011011
0000000000000000000001100101001011111000100001001101110011010001
0000000000000000000000000000000101111100100101000001101000000011
0000000000000000000001100101001100010000100100000010011000000000
0000000000000000110100001011010011000111100100110111110010110011
0000000000000000000000000000000000000000010110010111011110010010
0000000000000000000001100101001100011100001101011110101111111111
0000000000000000000000000000000000000000010110010111100000011100
0000000000000000000000000000000000000000010110010111011110001010
0000000000000000000000000000000000001011100010000111000110111110
0000000000000000000000000000000101111100100101010100000001101111
0000000000000000000000000000000000000000010110010111100100011110
0000000000000000000000000011000100010000010110010101011100111101
0000001101110111110001000111011000011010000110000001111011000101
0000000000000000000000000000000000000000010110010111100110001101
0000000000000000110100001011010010110011110010001010111110011011
0000000000000000000000000000000000000000000000101011011000010100
0111001001110001111001110011101101101010100110100110000001110101
0000000000000000000000000000000101111100100111111001001010001001
0000000000000000000000000000000000000000010110010111010000011101
0000000000000000000000000011000100010000011101000011111111000101
0000000000000000000000000000000000000000010110010111100000111101
0000000000000000000001100101001100010000000110111100110001101000
0000000000000000000000000000000000000000010110010111100000111101
0000000000000000110100001011011010101111000011001111110010100100
0000000000000000000000000000000000000000010110010111100000111101
0000001101110111110110101111101011100011100111111101111101011101
0000000000000000000000000000000000000000010110010111100000111101
0000000000000000000000000011000100010000001010000101001110011110
0000000000000000000000000000000000000000010110010111100000111101
0000000000000000110100001011000110010011111001100000100110101010
0000000000000000000000000000000000000000010110010111100000111101
0000001101110111110000011101011111010101100001000011111010101101
0000000000000000000000000000000000000000010110010111100000111101
0000000000011010111001110000010111011100001110110110011101010011
0000000000000000000000000000000000000000010110010111100000111101
0000000000000000000000000011000100010000010010010010111110110101
0000000000000000000000000000000000000000010110010111100000111101
0000000000000000000000000011000100010000010110010100100001100110
0000000000000000000000000011000100010000010111101011100011100000
0000000000000000000000000000000000000000010110010111100000111101
0000000000011010111001110111110011001100101111001111101110011010
0000000000000000000000000000000000000000010110010111100000111101
0000000000000000110100001011001000010010111111011010010011000001
0000000000000000000000000000000000000000010110010111011110101110
0000000000000000000000000000000000000000010110010111100000111101
0000000000000000000001100101001100100000010101000100010110001000
0000000000000000000000000011000100001111111111101010111100100000
0000000000000000000000000011000100001111010110100101101010010010
0000001101110111110001000111010001001110010000010000111100011000
0000000000000000000000000000000000000000010110010111010000011101
0000000000000000000001100101001011111110000110101010111110000111
0000000000000000000000000000000000000000010110010111100000111101
0000000000000000000000000011000100010000001000110000110011110111
0000000000000000000000000011000100001111001101011000111000011010
0000000000000000000000000000000000000000010110010111100110000111
0000001101110111110011000000100110110011100001010000110101101011
0000000000000000000000000000000000000000010110010111100000111101
0000000000000000000000000011000100001111011010111100111011111010
0000000000000000000000000000000000000000010110010111100000111101
0000000000000000000000000000000101111100100111111000000100000001
0000000000000000000000000000000000000000010110010111100000111101
0000000000000000000000000011000100001111100000000010000000110111
0000000000000000000000000000000000000000010110010111100000111101
0000000000000000110100001011000111011001110101100100011111011001
0000000000000000000000000000000000000000010110010111100000111101
0000000000000000000000000000000101111100100111100000010110100010
0000000000000000000000000000000000001011100010001010001100010100
0000000000000000000000000000000101111100100101000001101000000011
0000000000000000110100001011011000010110001111001110000110010101
0000000000000000000000000000000000001011100010000110100110111010
0000000000000000110100001011010010110101000001000110010001000001
0000000000000000000000000000000000000000000000101011011000010001
0000000000011010111001101101100000001100100001111100100110001010
0000000000000000000000000000000000000000000000101011011000001010
0000000000000000000000000000000000000000010110010111100111001000
0000000000000000000000000000000000000000010110010111100100100100
0000000000000000000000000000000000000000010110010111011110010010
0000000000000000000000000000000101111100100111111001000110000001
0000000000000000000001100101001100100011001100101011001101000111
0000000000000000000000000000000000000000010110010111011110010010
1100000001110011101000110100111001010111101110011001100101010011
0000000000000000110100001010110011101011101110001001000010110000
0000000000000000000000000000000000001011100010001011011110010011
0000000000000000000000000000000000000000010110010111100010110011
0000000000000000000000000000000000001011100010000110010111011001
0000000000000000000000000000000000000000010110010111100010110111
0000000000000000000000000000000000000000010110010111100010100000
0000000000000000000000000000000000000000010110010111011111001100
0000000000000000000000000000000101111100100101101010100111100011
0000000000000000000000000000000000000000010110010111011110010010
0000000000000000000000000011000100010000011000010100100111000100
0000000000000000000000000000000000000000010110010111011100101010
0000001101110111110000100000101000000110011010111011011110100011
0000000000011010111001101110101000011100010000100110101001000111
0000000000000000000000000000000000000000010110010111100000001110
0000000000000000000000000000000000000000010110010111100111001000
0000001101110111110110011111100011010011001000010011011011011000
0000000000000000000000000011000100001101110101110100100010011000
0000000000000000000000000000000000000000010110010111100000111010
0000000000000000000001100101001100001101011111011001110111110110
0000000000000000000000000000000101111100100101011011000100111010
0000000000000000000000000000000000001011100010001010100110000110
0000000000011010111001101111001100110001101011100111010010101010
0000000000000000110100001011010100001010110100001011000001010100
0000000000000000000001100101001011111000100001001101110011010001
0000000000000000000000000000000000000000010110010111011100110010
0000000000000000000000000011000100001111001101111101010011000010
0000000000011010111001110110110101001101100111100101010100101011
0000000000000000000000000000000000000000010110010111100111001000
0000000000000000000000000000000000001011100010001001000010001010
0000000000000000110100001011010011010101001001011100110111100100
0000000000000000000000000000000000000000010110010111001110001110
0000000000000000000000000000000000000000010110010111100000111101
0000000000000000000000000000000000001011100010000110010111010101
0000000000000000000000000000000000000000010110010111100000011100
0000000000000000000001100101001100011011100000011010000011010001
0000000000000000000000000011000100001111010010011111000110100101
0000000000000000000000000000000000001011100010000110010111010101
0000000000000000000000000000000000001011100010000110111110011101
0000000000000000000000000000000000000000010110010111100111001000
0000000000000000000000000011000100001111100000100101010100110110
0000000000000000000001100101001100011011001110101011010100100101
0000000000000000000000000011000100010000100001001110111001100101
0000000000000000000000000000000000000000000000101011011000010100
0000000000000000000000000000000000000000010110010111100011100010
0000000000000000000000000000000000000000010110010111011100101010
0000000000000000000000000000000000000000010110010111100111001000
0000000000000000000000000011000100001111001101111101000010100010
0000000000000000000000000011000100001111111011001100110111101100
0000000000011010111001101110110001000000000011001110111100110011
0000000000000000000000000000000000000000010110010111100000111010
0000000000000000000000000011000100001111100000100101010100110110
0000000000000000000000000000000000000000010110010111100110000001
0000000000000000000000000000000000000000010110010111011111001100
0000000000000000000000000000000101111100100111000011011011011100
0000000000000000000000000000000000000000000000101011011000001010
0000000000000000000000000011000100010000011010110111100101110011
0000000000011010111001101110110001000000000101100010100011100000
0000000000000000000000000000000000000000010110010111100000111010
0000000000000000000000000000000000001011100010001001000010001010
0000000000011010111001101111010001001000111101101010011110111001
0000000000000000000000000000000000000000010110010111100000111101
0000000000000000000000000000000000000000010110010111100010100000
0000000000000000000000000011000100010000100011111000111100100001
0000000000000000000000000000000000001011100010001001110011001100
0000000000000000000000000000000101111100100111000101111101010110
0000000000011010111001011010111010110101001101101111100100101100
0111001001110000010000010001111100111001011000101110101110111111
0000000000000000000001100101001011111011010100111100000111000100
0000000000000000110100001011011010000110101011001110001101000100
0000000000000000000000000000000000001011100010000110010111010101
0000000000000000000000000000000000000000010110010111100110000001
0000000000000000000000000011000100010000100011111000111100010111
0000000000000000000000000000000101111100100101000001100111111111
0000000000000000000000000000000101111100100111011101101111010000
0000000000000000000000000000000000001011100010001001110011001100
0000000000000000000000000000000000000000010110010111100111001000
0000000000000000000000000000000000000000010110010111100100100100
0000000000000000000000000000000000000000010110010111011110010010
0000000000000000110100001011010011000111000101101111011010010110
0000000000000000000000000000000000001011100010001011011110010011
0000000000000000000000000000000000001011100010000110010111010101
0000000000000000000000000011000100010000010110110101001011011111
0000000000000000000001100101001011110101111010000001100000100110
0000000000000000000000000000000101111100100101101010101000100101
0000000000000000000000000000000101111100100101001000100011011111
0000000000000000000000000000000000000000000000101011011000000110
0000000000000000000000000000000101111100100101000100001110110011
0000000000000000000000000000000000000000010110010111100010010110
0000000000000000000001100101001100011101100100010111100100011101
0000000000000000000000000011000100010000001001010000100010010110
0000000000000000000000000000000000000000000000101011011000001010
0000000000000000000000000000000000001011100010001001010110010000
0000000000000000000000000000000101111100100111100000010110100010
0000000000000000000000000000000000000000000000101011011000001110
0000000000011010111001101110110000110001110010100001111001111001
0000000000000000000000000000000000001011100001111101110110110101
0000000000000000000000000000000101111100100101010100000001101011
0000000000000000000000000011000100010000001010001000111100011001
0000000000000000000000000011000100001111010011000001101011100011
0000000000000000000001100101001010100111011111010101111011110010
0000000000000000000000000000000000000000000000101011011000001010
0000000000000000000000000000000101111100100101101010101000100101
0000000000000000000000000011000100010000011010010010111010101011
0000000000000000000000000000000000000000010110010111011101110001
0000000000000000000000000000000000001011100010001010100100001011
0000000000000000000001100101001100011011100000011010000011010001
0000000000000000000000000000000000000000010110010111100010100000
0000000000000000000001100101001100011011001110101011010101100111
0000000000000000000000000000000000000000010110010111100111001000
0000000000000000000001100101001100001110101001110101111110110101
0000000000000000110100001011001010011001100101111001010010110000
0000000000000000000000000000000000000000010110010111100111001000
0000000000000000000000000000000000001011100010001001110101001101
0000000000000000000000000000000000000000010110010111100111001000
0000000000000000110100001011011011011000110101010000110001111101
0000000000000000000000000000000000000000010110010111100111001000
1011111111000101100000110011100100111011000010110000111111011000
0000000000000000000000000000000000000000000000101011011000010100
0000000000000000000000000000000000000000010110010111100111001000
0000000000000000000000000011000100010000001010011111100011000101
0000000000000000000000000000000000000000000000101011011000000110
0000000000000000110100001011011010100100100001100010011001010011
0000000000000000110100001011000110110011101011011100000010110111
0000000000000000000000000000000000000000010110010111010010010011
0000000000000000000000000000000000000000000000101011011000011000
0000000000000000000000000000000000000000010110010111100000111101
0000000000000000000001100101001011110010101101000000111111110000
0000000000011010111001110110111000010100000110110101100111000001
0000000000000000000000000011000100010000011101000011111111000101
0000000000000000000001100101001100010111111101001000000110100110
0000000000000000000000000000000101111100100101011001000101100111
0000000000000000000000000011000100001111001101011010101110110010
0000000000000000000000000000000000000000000000101011011000001010
0000000000011010111001110110111000010011111101001111011100111011
0000000000000000000000000011000100001111011100111001010111000100
0000000000000000000000000011000100001111011010111110011010101100
0000000000000000000000000000000000000000010110010111100010100000
0000000000000000000001100101001100011100100011001011101001000110
0000000000000000000000000000000000000000010110010111100010111011
0000000000000000000000000011000100010000001001001111011000100111
0000000000000000000000000000000000001011100010000111000110111110
0000000000000000110100001011000110110010110101001101010101110111
0000000000000000000000000000000000000000000000101011011000001010
0000000000000000000000000000000101111100100101001000100101100011
0000000000000000000000000000000101111100100111111001000110000001
0000000000000000000000000000000000000000010110010111100010111011
0000000000000000000000000011000100010000001001001111011000100111
0000000000000000000000000000000000001011100010000111000110111110
0000000000000000000001100101001011110101111010011110000011000010
0000000000000000000000000000000000001011100010001001111000001101
0000000000000000000000000000000101111100100111100000010111100100
0000000000000000000000000000000101111100100110110000110100110111
0000000000000000000000000011000100001111011011100001111001000101
0000000000000000000000000000000000000000000000101011011000001010
0000000000000000000001100101001100010111111101101001101111001111
0000000000000000000000000000000101111100100111100111100101000011
0000000000000000000001100101001011110010101100011100100101001000
0000000000000000000000000000000000000000000000101011011000001010
0000000000000000000000000000000000001011100010001001010110010000
0000000000000000000000000000000000000000010110010111100010111011
0000000000000000000001100101001100011100101100001110101101101001
0000000000000000000000000000000000001011100010000110100110110111
0000000000000000000000000011000100010000001000001100101111011011
0000000000000000000000000000000000001011100010000110010111010101
0000000000000000000000000000000000001011100010001010101011010101
0000000000000000000001100101001100011100001101011110101111111111
0000000000000000110100001011010110111100011101110000000011000010
0000000000000000000000000000000000000000010110010111100000011100
0000000000000000000000000011000100010000011010010010111010100001
0000000000000000000000000000000101111100100101010100000001101111
0000000000000000000001100101001011110010001000100010000111111001
0000000000000000000000000000000000000000010110010111011110001010
0111001001110010101110011101011101010010101110001000111111100111
0000000000000000000000000000000000001011100010001001110011001100
0000000000000000000000000000000000001011100010000110010111011001
0000000000000000000000000011000100010000100110000101101001110000
0000001101110111110000100000101000000110011010111011011110100011
0000000000000000000000000000000000000000000000101011011000001010
0000000000000000000000000000000000000000000000101011011000000110
0000000000000000000000000000000101111100100101010101100100011000
0000000000000000000000000011000100010000011101000011111111000101
0000000000000000000000000000000000000000010110010111100000111010
0000000000000000000000000011000100010000010001110100010001110010
0000001101110111110100010000001011101000101011101111100101000011
